+916204415443
+919279217989
+918986608791
+916202886355
+917250411764
+916299498469
+917739518592
+918235812298
+917635087249
+916202338596
+918809970186
+917979933628
+917856943895
+919798164116
+918434853259
+919905031837
+919572490846
+919123475207
+917277069555
+919110107859
+919525121317
+917061780356
+917277921740
+919934531622
+918292086623
+919113791426
+917488874627
+919110941550
+919102485072
+918340742335
+919431385870
+919155003764
+917543903383
+919142841362
+917321855379
+919060840842
+919801380054
+919241047835
+919304999634
+916201025643
+919931242738
+917633071543
+919693491455
+918252564452
+917654893811
+917765907416
+918757795180
+918757401779
+916205485308
+919923020362
+919304156988
+917033385065
+919955254056
+919123149159
+919905852495
+919334427746
+918809444734
+916200189607
+918987646067
+919578559322
+919102212422
+919572707152
+919508720411
+919931108818
+919097845321
+916205091354
+917261815810
+917759078762
+916201093290
+918002601228
+919546625940
+916204022050
+919162958407
+916299196106
+918651943674
+916204760007
+919162037044
+918757532776
+919905238700
+919110055713
+916206903611
+918825383659
+917762960357
+917903317165
+916207870874
+919060430981
+919122685493
+917482843530
+918409985208
+919534036492
+919334851087
+919835726872
+917991157221
+918809992262
+917463934405
+919341562135
+916200731046
+917004408478
+918797728300
+916201092696
+919931081671
+918581003633
+916299325406
+917070486320
+919955943099
+918709028735
+919931357417
+916200653216
+919102737640
+917739014918
+919102405168
+919939379272
+916204590741
+918677899129
+918804540330
+917654042324
+917482035345
+919708320816
+919128141468
+919614120458
+919504295695
+916206343765
+919939098809
+916201617792
+919931134930
+917061301743
+918809725314
+917209432364
+919931398733
+918969953250
+919117019693
+916204459781
+919546990362
+917667302059
+918409072984
+916203411359
+919110921765
+916203767906
+919504344821
+916204113929
+918292352361
+917091788094
+919852094773
+918210676835
+919304719698
+918540894151
+919973345068
+916202735218
+918969036263
+919508814186
+918539898729
+919576842454
+918292829493
+917488414326
+919973333564
+918210682139
+919031249799
+917970953730
+917050367354
+917870133862
+919955396363
+918804880664
+918789360095
+919128953393
+918409709269
+916232931720
+919341544705
+917667686499
+918969777784
+917488460367
+918252211853
+919123185422
+917667678301
+919931135075
+918434253864
+917903633769
+919304654542
+916205565007
+919905529936
+918434847215
+919508561332
+916201360154
+919717069030
+919334100792
+918651844653
+917903149251
+919798582187
+918709687616
+919006808292
+918252965316
+919905388479
+916205967164
+918102589745
+917091797019
+917050753961
+917250820344
+919931928416
+917277962634
+917667001949
+917738534211
+919934724825
+918434940620
+917079214584
+919534093404
+916203776203
+919835898228
+916299942214
+919297715597
+917542989680
+917903608048
+917903736288
+916205816910
+917250802593
+917739974768
+917281866405
+918102153770
+918969035948
+916207551544
+919661207023
+919199397524
+918210425810
+917320814599
+917870629616
+919318303927
+919546706558
+918210577851
+919905638234
+919097942132
+919113456278
+919661592458
+919546030900
+918409489614
+919304049180
+919508398733
+916204456661
+918521534656
+917739066763
+919334691843
+918102574803
+917631145739
+917462844682
+918294918273
+917320075988
+916206919154
+917061588180
+916207600430
+917667267582
+919955845899
+918102730217
+916206249093
+918210420211
+918804307778
+918825146637
+919905552754
+918809936848
+918340360928
+919771685292
+919835164626
+919661456615
+917368906591
+916203202079
+917870351991
+918803566383
+918864049159
+916207292215
+918252494955
+917281070292
+918252479175
+918210098827
+917870627548
+917827501342
+918271294075
+919546323129
+916204266682
+918002916875
+919162333923
+917808107210
+916299893616
+917763092772
+918777862151
+917370943537
+919155858332
+919341402037
+916200371231
+916205223557
+918294233005
+918651737474
+919123263874
+917488396022
+916203037087
+919934752983
+919955495647
+917079179714
+919123290958
+916201289966
+918292636511
+919939709430
+918789470782
+918809478559
+919608784812
+919234064901
+917480069820
+919608519694
+919142473711
+916205921197
+919955918830
+916299782984
+916204871300
+919234987824
+918789762522
+919122677606
+919661511694
+919142154690
+916200582130
+917856939199
+919942138550
+919234876934
+917061494302
+919376336090
+917763022165
+917352654703
+917050628187
+917480998092
+919546858238
+917857861748
+918864070047
+919546870948
+918294245320
+919572418515
+916201452194
+917488957894
+916206453430
+917739621169
+919661801614
+919973336058
+919341931537
+918700507241
+919296799618
+917970534189
+916204442578
+919263905952
+918210213299
+919709229313
+917764008103
+919939786668
+917644999735
+916203787208
+918210906202
+919798172827
+917563004278
+918002028460
+919942417924
+916207264711
+918340252621
+919693896705
+919334229813
+918092570936
+919334925495
+919334459538
+919234634837
+917050049181
+919771259224
+919708575406
+918294335420
+919525279323
+917765928392
+916202137985
+919835391794
+918002715772
+918002090070
+919304177568
+916203485526
+916205362328
+918709943690
+916394761166
+919661754605
+917070587339
+919931517553
+917739939494
+919315195506
+919572129173
+919162137890
+917667028139
+917004521847
+918873331447
+916206355986
+917371073757
+919693423764
+917352843549
+919939366341
+917903429148
+917781993140
+919060133270
+917739008800
+919263669115
+917325045648
+918252187347
+918084774663
+916202171102
+917258050386
+918789554466
+916362462688
+918292559138
+918804584267
+916296502293
+917479831062
+918084116652
+917004989985
+919097632326
+919006907810
+918452965809
+917324088821
+917479643158
+917903257931
+918709762702
+919117549361
+917739721694
+919835892827
+917764903716
+916200825927
+919304691436
+919955147230
+916205416118
+916202623787
+919241284963
+918797092907
+919709263566
+919113481196
+919523257418
+919102639199
+917079059497
+917061470087
+919709769269
+918340155868
+916206374159
+917001085368
+919955956622
+919798352782
+919110023508
+918178760532
+917260925435
+918521314344
+919382863733
+919973492741
+919835192423
+919608639842
+919525535377
+917970811047
+916206654704
+918002720404
+919939995765
+917070737197
+919065814133
+916299690171
+917762095922
+917643022989
+919327102994
+918084679959
+919113343694
+917970442385
+918789505127
+916202452629
+918877198237
+919798282465
+919508775127
+918210169597
+918210954746
+919990005851
+918434879664
+919060921121
+916203389422
+916204700837
+918789745052
+918084166759
+918969582713
+917292941097
+917645828027
+918271488954
+918540825284
+916202211648
+919142999216
+918294943511
+918969254408
+917903140228
+916205680966
+919263973730
+919006756069
+919431949487
+917779956978
+917992393735
+916203280973
+917061242143
+916201355289
+917992470488
+918292050608
+919830632217
+916201086020
+916205693477
+918789829231
+919208403909
+918433781456
+918797123260
+918210497334
+916200520073
+919125198646
+918229805727
+919999951092
+917060414613
+917260081930
+919852501307
+918840788967
+919454551904
+917091879220
+918439082374
+916206234943
+918797889431
+919097287697
+917542925233
+917294059713
+919294987419
+919608971568
+917368027726
+919570379700
+918051150403
+917991109836
+917903459978
+919262742738
+916200818388
+919178866429
+917309804052
+917870370588
+919955888916
+919386748094
+919506250307
+918409566825
+917999751158
+917903047535
+917667128985
+917979785146
+919955440587
+916207536480
+918002159090
+919508540539
+919956325102
+918539047607
+917004523475
+918252067241
+917261065016
+919534776577
+916205488342
+917999803871
+918709999645
+919204864906
+918874680287
+919798017671
+918603120004
+919713033778
+917050546702
+919599166485
+917033210919
+919973387698
+918294073277
+918558900022
+916201003302
+918691948293
+919386965724
+917479978104
+917488217900
+917858981884
+918873366550
+919852312098
+917992209861
+919471604208
+918676050923
+918084080621
+919199118997
+919608129288
+919939306775
+918210095245
+917763061264
+919708350424
+919304101068
+917291880179
+918509763953
+919128110079
+919031707055
+917876115804
+918294618018
+918051045046
+917463844124
+918051577647
+919304049845
+919955064783
+919473046117
+919454101025
+918873930109
+917004737466
+918809156957
+918840444417
+916394140146
+919546954167
+917488134115
+918789424435
+917992484726
+919471980103
+917683009378
+919122222251
+917449047156
+917004842883
+918709255272
+917739498856
+919631600161
+917352886268
+917667346793
+918298831103
+917277756001
+919026861031
+918957529075
+918092869793
+917488169950
+916201490242
+919852462152
+917765890925
+919472806077
+919939658855
+919368411451
+919693867287
+917903883179
+919006390725
+917370994758
+917257050159
+917371824376
+917979056337
+916204823793
+918210818047
+919135898840
+917079436071
+919386965659
+919540994035
+918586913779
+919102656930
+919009578123
+917903416181
+919450943938
+917260097304
+917301245624
+919304577421
+917370036102
+919798173028
+919821923902
+918083210951
+917084397809
+919110993279
+919939252679
+919334530135
+919835083243
+918797112272
+916299051334
+919905050817
+919955888595
+917070695121
+917970715385
+917646074756
+919693095603
+916299440061
+919263742232
+917065420804
+918709742275
+919304007500
+918252131180
+918084931099
+918434231226
+916203768770
+919534447073
+919574743745
+917352481230
+917052590185
+917388290864
+917004462330
+918340726421
+918789586062
+917542920878
+918340770381
+918083829753
+919798193474
+917870427454
+919973744568
+918595900450
+918340367651
+919170610693
+918986957980
+917488889693
+916206978297
+918873909736
+918295619558
+917463042203
+917992341447
+918308777481
+919199763052
+917870755722
+918083185656
+919125303470
+916295516471
+916202053232
+917654882297
+917566253162
+919852248674
+919651645576
+918271370301
+917260009906
+919953079753
+916901977150
+916206064177
+916200648318
+916201074463
+917050000974
+918102715811
+919135002727
+919608352512
+917070979729
+919304809460
+917352570382
+918709195822
+919599571972
+918340351827
+916207674194
+918102783893
+917319990660
+919891179047
+919572675862
+917870636510
+919798874431
+917992439385
+919939509992
+919102050580
+918207583625
+918757565375
+917667366099
+917860757607
+918423141074
+917739658804
+917004554760
+919507036050
+917049544237
+919801415886
+916206998450
+919122445211
+917631187580
+917091868163
+919625929795
+919738983561
+919798444798
+917738448053
+916206212488
+918294668360
+919142024695
+918114405146
+919508919279
+919334735874
+919162979827
+917857020687
+917277724714
+917079812272
+919801457113
+919939648121
+916202250995
+917461919669
+918539060217
+917461858611
+918292276113
+916299082071
+919278787833
+919136056442
+919049686391
+918825016001
+916206028380
+916200381297
+919608291247
+918757134525
+971505118270
+919692699983
+917764938788
+917004712508
+917275879679
+917870123385
+917004046460
+919202423027
+917808353719
+917631055755
+919955922992
+917765824828
+917970739368
+918010460724
+918580024346
+918271057242
+919945715062
+919430830102
+916205397717
+919508555179
+919234205641
+919919778236
+918873913123
+919436314565
+918878280981
+918107667207
+918002643427
+917903704947
+919314111047
+917209961644
+919199977516
+919508426674
+918873127437
+919891595595
+917255817586
+917903800365
+918986735068
+919472884822
+918002007074
+919693740004
+919060099512
+917972451150
+918200363990
+917979022957
+917488679563
+918292010274
+917906099085
+919608318442
+917903478533
+917850800004
+917541841443
+919113197662
+917983569592
+918789030770
+918709719021
+919122546737
+918372037966
+919672706309
+919608993665
+919155500494
+917007305449
+918757234273
+916203193045
+918789163187
+916200075843
+918279246622
+918409257437
+919330197181
+919709107170
+919628203259
+917909009254
+919279354866
+918227905446
+919288020257
+917903130667
+917903005744
+919839659384
+918299372298
+919608141550
+917275893338
+919785260888
+918449915776
+919531635311
+919631145129
+918271938335
+917026732638
+919975317127
+918539834685
+919905318289
+919570941286
+919984352223
+919523349183
+918541024155
+918010008580
+917992365276
+919874654208
+919472542261
+918816837408
+917903410656
+919997604793
+918210189157
+919334819855
+917067150081
+919955652860
+919172567691
+919771882998
+917857908076
+919873082062
+917667068166
+918345024417
+918877779942
+917737314145
+919905769952
+917903244101
+917309131894
+917000749545
+918340581207
+916205379361
+918602411917
+919798426310
+918252667569
+917505662005
+917004890941
+917050564776
+919304072343
+919795808051
+919153190193
+919305032465
+919162048669
+919887054217
+918292990550
+918210300046
+918877160114
+917992251094
+918371945852
+919031131553
+918651816267
+916205241617
+918969879387
+917544023475
+919279011190
+917751850452
+919332571717
+917903024499
+919631550889
+919836681121
+919199841806
+919472982963
+917500193237
+918825314192
+916299745668
+919835050070
+919341467183
+918651417990
+918076611842
+918092006718
+916372498492
+919661913559
+919608521213
+918750845075
+918521003499
+917857924113
+918303485680
+916203068372
+919027766394
+919631352201
+919415731145
+919128918120
+918789622901
+918149401353
+917004502318
+919525220210
+919431611204
+919405486414
+918972287860
+919959957005
+919621827270
+918651667714
+917255931301
+919835241383
+919523684491
+918434570037
+917061088476
+919870913886
+917870967371
+917050923467
+919830268567
+917631886617
+919708211552
+918570936312
+918873811806
+917061862226
+919468372391
+917974820953
+918936067432
+919716687606
+916207695252
+918651441923
+916200813068
+917320854289
+918987638652
+917717743579
+918298822181
+917488327069
+918434336420
+917479497961
+919793295560
+918298722582
+918298498837
+916265848396
+919835814680
+917631109507
+917050749439
+918340456373
+916200671008
+917004339028
+916202819350
+917004215023
+917811026280
+918340334719
+917091975236
+918235403630
+918235153279
+918709253288
+919861023359
+917899917009
+919137062862
+917050926557
+917319961375
+916299942517
+918797701157
+918271398113
+917004966161
+918825324425
+917004298160
+917903569078
+916281159587
+918709727344
+919525961881
+916202763762
+919122299966
+918809093202
+916397136678
+918409656745
+917396586409
+919955363135
+919125912347
+917352711444
+919060974768
+918808182588
+917545964542
+919661160867
+917903982815
+917762983411
+916205983930
+919304899352
+917011132510
+919304215270
+919310227476
+917635036738
+917739158662
+919782165736
+916302376939
+917050027290
+919807137903
+916201486453
+917492002433
+917060979720
+917061111215
+919939718706
+919560158208
+917479718928
+917501144412
+917033564939
+918540957112
+919608545037
+919418589795
+919155402119
+919548535533
+917479913713
+918292465098
+916291846927
+917667315393
+918248009065
+917909338041
+916207419698
+918580120206
+918969848419
+918210033532
+919534801867
+918709203336
+919007470229
+919708273285
+917903864507
+917366042088
+916205807490
+918521935885
+917488606026
+919803636229
+916202973514
+917677333887
+918340208021
+919546018678
+916260944032
+918349468687
+919304868708
+919123484170
+918696216888
+919546949518
+918210038745
+919113300493
+918292842871
+919334176719
+919605044299
+918873445808
+919006761222
+917666767589
+918839661983
+919546872995
+919523890468
+919348452206
+916207573352
+918271445365
+917645071801
+916387315352
+919408081260
+918280079107
+918051453640
+919113764077
+919454850672
+919507397828
+919265779339
+917024433685
+917033286616
+918851301748
+918294131917
+919716389024
+919162942078
+917979746581
+919875168633
+919155613013
+919142465110
+919655330532
+917667760637
+919198036143
+916206988036
+919893574054
+919905203401
+917549781519
+918052241458
+919430427966
+917501070954
